/# | G | R/C | RCK | CCLR | U/D | LOAD | ENP | ENT | INP | RCO | Q_file | #\ 

/# CLEAR CHECK #\

0 0 0 0 1 1 0 0    0110 1    0000
0 0 0 0 1 1 0 0    0110 1    0000
0 0 0 0 1 0 0 0    0110 1    0000
0 0 0 0 1 1 0 0    0110 1    0000
0 0 0 0 1 1 0 0    0110 1    0000
0 0 0 0 1 1 0 0    0110 1    0000
0 0 0 0 1 1 0 0    0110 0    0000

0 0 0 1 1 1 0 0    0110 1    0010
0 0 0 1 1 1 0 0    0110 1    0100
0 0 0 1 1 0 0 0    0110 1    0110
0 0 0 1 1 1 0 0    0110 1    0111
0 0 0 1 1 1 0 0    0110 1    1010
0 0 0 1 1 1 0 0    0110 1    1100
0 0 0 1 1 1 0 0    0110 0    1111

/# REGISTER CHECK #\

0 0 0 1 1 1 0 0    0110 1    0000
0 0 1 1 1 1 0 0    0110 1    0011
0 1 0 1 1 1 0 0    0110 1    0101
0 1 1 1 1 1 0 0    0110 1    0111
0 1 0 1 1 1 0 0    0110 1    0111

/# CNTR CHECK #\

0 0 0 1 1 1 0 0    0110 1    1011
0 0 0 1 1 1 0 0    0110 1    0010

/# DOWN CNTR #\

0 0 0 1 0 1 0 0    0110 0    0000
0 0 0 1 0 1 0 0    0110 1    1101
0 0 0 1 0 1 0 0    0110 1    1011
0 0 0 1 0 1 0 0    0110 1    1000

/# UP CNTR #\

0 0 0 1 1 1 0 0    0110 1    1010

/# ENP CHECK #\

0 0 0 1 1 1 1 0    0110 1    1011
0 0 0 1 1 1 1 0    0110 1    1011
0 0 0 1 1 1 1 0    0110 1    1011
0 0 0 1 1 1 1 0    0110 1    1011

/# ENT CHECK #\

0 0 0 1 1 1 0 0    0110 1    1101
0 0 0 1 1 1 0 1    0110 1    1101
0 0 0 1 1 1 0 1    0110 1    1101
0 0 0 1 1 1 0 1    0110 1    1101
0 0 0 1 1 1 0 1    0110 1    1101
0 0 0 1 1 1 0 0    0110 0    1111

/# FAILRUE Q_f #\

0 0 0 1 1 1 0 0    0110 1    0101
0 0 0 1 1 1 0 0    0110 1    1000
0 0 0 1 1 1 0 0    0110 1    1111
0 0 0 1 1 1 0 0    0110 1    0110
0 0 0 1 1 1 0 0    0110 1    0110
0 0 0 1 1 1 0 0    0110 0    0000

/# CLEAR CHECK AGAIN !!!! #\

0 0 0 0 1 1 0 0    0110 1    0000
0 0 0 0 1 1 0 0    0110 1    0000

/# TRI_STATE CHECK #\

1 0 0 1 1 1 0 0    0110 1    ZZZZ
1 0 0 1 1 1 0 0    0110 1    ZZZZ
1 0 0 1 1 1 0 0    0110 1    ZZZZ
1 0 0 1 1 1 0 0    0110 1    ZZZZ
1 0 0 1 1 1 0 0    0110 1    ZZZZ
1 0 0 1 1 1 0 0    0110 1    ZZZZ
1 0 0 1 1 1 0 0    0110 1    ZZZZ
1 0 0 1 1 1 0 0    0110 1    ZZZZ
1 0 0 1 1 1 0 0    0110 1    ZZZZ
1 0 0 1 1 1 0 0    0110 1    ZZZZ
1 0 0 1 1 1 0 0    0110 1    ZZZZ
1 0 0 1 1 1 0 0    0110 1    ZZZZ
