+-----------------------------------------------------------------------------------------------------------------------------------------------------------------------------------------------------------------------------------------------------------------+
; Legal Partition Candidates                                                                                                                                                                                                                                      ;
+------------------------------------------------------------+-------+----------------+--------------+----------------+--------+-----------------+---------------+-----------------+-------+----------------+--------------+------------------+-------------------+
; Hierarchy                                                  ; Input ; Constant Input ; Unused Input ; Floating Input ; Output ; Constant Output ; Unused Output ; Floating Output ; Bidir ; Constant Bidir ; Unused Bidir ; Input only Bidir ; Output only Bidir ;
+------------------------------------------------------------+-------+----------------+--------------+----------------+--------+-----------------+---------------+-----------------+-------+----------------+--------------+------------------+-------------------+
; inst122|sram|ram_block|auto_generated                      ; 15    ; 0              ; 0            ; 0              ; 5      ; 0               ; 0             ; 0               ; 0     ; 0              ; 0            ; 0                ; 0                 ;
; inst138|inst29|lpm_compare_component|auto_generated        ; 8     ; 0              ; 0            ; 0              ; 1      ; 0               ; 0             ; 0               ; 0     ; 0              ; 0            ; 0                ; 0                 ;
; inst138|inst29                                             ; 8     ; 0              ; 0            ; 0              ; 1      ; 0               ; 0             ; 0               ; 0     ; 0              ; 0            ; 0                ; 0                 ;
; inst138|inst28|lpm_counter_component|auto_generated        ; 2     ; 0              ; 0            ; 0              ; 8      ; 0               ; 0             ; 0               ; 0     ; 0              ; 0            ; 0                ; 0                 ;
; inst138|inst28                                             ; 2     ; 0              ; 0            ; 0              ; 8      ; 0               ; 0             ; 0               ; 0     ; 0              ; 0            ; 0                ; 0                 ;
; inst138|inst230|inst38                                     ; 6     ; 0              ; 0            ; 0              ; 0      ; 0               ; 0             ; 0               ; 5     ; 0              ; 0            ; 0                ; 0                 ;
; inst138|inst230|inst37                                     ; 6     ; 0              ; 0            ; 0              ; 0      ; 0               ; 0             ; 0               ; 5     ; 0              ; 0            ; 0                ; 0                 ;
; inst138|inst230|inst36                                     ; 6     ; 0              ; 0            ; 0              ; 0      ; 0               ; 0             ; 0               ; 5     ; 0              ; 0            ; 0                ; 0                 ;
; inst138|inst230|inst34|lpm_decode_component|auto_generated ; 3     ; 0              ; 0            ; 0              ; 4      ; 0               ; 0             ; 0               ; 0     ; 0              ; 0            ; 0                ; 0                 ;
; inst138|inst230|inst34                                     ; 3     ; 0              ; 0            ; 0              ; 4      ; 0               ; 0             ; 0               ; 0     ; 0              ; 0            ; 0                ; 0                 ;
; inst138|inst230|inst35                                     ; 6     ; 0              ; 0            ; 0              ; 0      ; 0               ; 0             ; 0               ; 5     ; 0              ; 0            ; 0                ; 0                 ;
; inst138|inst230|inst                                       ; 7     ; 0              ; 0            ; 0              ; 5      ; 0               ; 0             ; 0               ; 0     ; 0              ; 0            ; 0                ; 0                 ;
; inst138|inst230|inst42                                     ; 6     ; 0              ; 0            ; 0              ; 0      ; 0               ; 0             ; 0               ; 5     ; 0              ; 0            ; 0                ; 0                 ;
; inst138|inst230|inst3                                      ; 7     ; 0              ; 0            ; 0              ; 5      ; 0               ; 0             ; 0               ; 0     ; 0              ; 0            ; 0                ; 0                 ;
; inst138|inst230|inst41                                     ; 6     ; 0              ; 0            ; 0              ; 0      ; 0               ; 0             ; 0               ; 5     ; 0              ; 0            ; 0                ; 0                 ;
; inst138|inst230|inst2                                      ; 7     ; 0              ; 0            ; 0              ; 5      ; 0               ; 0             ; 0               ; 0     ; 0              ; 0            ; 0                ; 0                 ;
; inst138|inst230|inst40                                     ; 6     ; 0              ; 0            ; 0              ; 0      ; 0               ; 0             ; 0               ; 5     ; 0              ; 0            ; 0                ; 0                 ;
; inst138|inst230|inst18|lpm_decode_component|auto_generated ; 3     ; 0              ; 0            ; 0              ; 4      ; 0               ; 0             ; 0               ; 0     ; 0              ; 0            ; 0                ; 0                 ;
; inst138|inst230|inst18                                     ; 3     ; 0              ; 0            ; 0              ; 4      ; 0               ; 0             ; 0               ; 0     ; 0              ; 0            ; 0                ; 0                 ;
; inst138|inst230|inst1                                      ; 7     ; 0              ; 0            ; 0              ; 5      ; 0               ; 0             ; 0               ; 0     ; 0              ; 0            ; 0                ; 0                 ;
; inst138|inst230|inst16|lpm_decode_component|auto_generated ; 3     ; 0              ; 0            ; 0              ; 4      ; 0               ; 0             ; 0               ; 0     ; 0              ; 0            ; 0                ; 0                 ;
; inst138|inst230|inst16                                     ; 3     ; 0              ; 0            ; 0              ; 4      ; 0               ; 0             ; 0               ; 0     ; 0              ; 0            ; 0                ; 0                 ;
; inst138|inst230|inst39                                     ; 6     ; 0              ; 0            ; 0              ; 0      ; 0               ; 0             ; 0               ; 5     ; 0              ; 0            ; 0                ; 0                 ;
; inst138|inst230                                            ; 11    ; 0              ; 0            ; 0              ; 10     ; 0               ; 0             ; 0               ; 0     ; 0              ; 0            ; 0                ; 0                 ;
; inst138|inst229|inst38                                     ; 6     ; 0              ; 0            ; 0              ; 0      ; 0               ; 0             ; 0               ; 5     ; 0              ; 0            ; 0                ; 0                 ;
; inst138|inst229|inst37                                     ; 6     ; 0              ; 0            ; 0              ; 0      ; 0               ; 0             ; 0               ; 5     ; 0              ; 0            ; 0                ; 0                 ;
; inst138|inst229|inst36                                     ; 6     ; 0              ; 0            ; 0              ; 0      ; 0               ; 0             ; 0               ; 5     ; 0              ; 0            ; 0                ; 0                 ;
; inst138|inst229|inst34|lpm_decode_component|auto_generated ; 3     ; 0              ; 0            ; 0              ; 4      ; 0               ; 0             ; 0               ; 0     ; 0              ; 0            ; 0                ; 0                 ;
; inst138|inst229|inst34                                     ; 3     ; 0              ; 0            ; 0              ; 4      ; 0               ; 0             ; 0               ; 0     ; 0              ; 0            ; 0                ; 0                 ;
; inst138|inst229|inst35                                     ; 6     ; 0              ; 0            ; 0              ; 0      ; 0               ; 0             ; 0               ; 5     ; 0              ; 0            ; 0                ; 0                 ;
; inst138|inst229|inst                                       ; 7     ; 0              ; 0            ; 0              ; 5      ; 0               ; 0             ; 0               ; 0     ; 0              ; 0            ; 0                ; 0                 ;
; inst138|inst229|inst42                                     ; 6     ; 0              ; 0            ; 0              ; 0      ; 0               ; 0             ; 0               ; 5     ; 0              ; 0            ; 0                ; 0                 ;
; inst138|inst229|inst3                                      ; 7     ; 0              ; 0            ; 0              ; 5      ; 0               ; 0             ; 0               ; 0     ; 0              ; 0            ; 0                ; 0                 ;
; inst138|inst229|inst41                                     ; 6     ; 0              ; 0            ; 0              ; 0      ; 0               ; 0             ; 0               ; 5     ; 0              ; 0            ; 0                ; 0                 ;
; inst138|inst229|inst2                                      ; 7     ; 0              ; 0            ; 0              ; 5      ; 0               ; 0             ; 0               ; 0     ; 0              ; 0            ; 0                ; 0                 ;
; inst138|inst229|inst40                                     ; 6     ; 0              ; 0            ; 0              ; 0      ; 0               ; 0             ; 0               ; 5     ; 0              ; 0            ; 0                ; 0                 ;
; inst138|inst229|inst18|lpm_decode_component|auto_generated ; 3     ; 0              ; 0            ; 0              ; 4      ; 0               ; 0             ; 0               ; 0     ; 0              ; 0            ; 0                ; 0                 ;
; inst138|inst229|inst18                                     ; 3     ; 0              ; 0            ; 0              ; 4      ; 0               ; 0             ; 0               ; 0     ; 0              ; 0            ; 0                ; 0                 ;
; inst138|inst229|inst1                                      ; 7     ; 0              ; 0            ; 0              ; 5      ; 0               ; 0             ; 0               ; 0     ; 0              ; 0            ; 0                ; 0                 ;
; inst138|inst229|inst16|lpm_decode_component|auto_generated ; 3     ; 0              ; 0            ; 0              ; 4      ; 0               ; 0             ; 0               ; 0     ; 0              ; 0            ; 0                ; 0                 ;
; inst138|inst229|inst16                                     ; 3     ; 0              ; 0            ; 0              ; 4      ; 0               ; 0             ; 0               ; 0     ; 0              ; 0            ; 0                ; 0                 ;
; inst138|inst229|inst39                                     ; 6     ; 0              ; 0            ; 0              ; 0      ; 0               ; 0             ; 0               ; 5     ; 0              ; 0            ; 0                ; 0                 ;
; inst138|inst229                                            ; 11    ; 0              ; 0            ; 0              ; 10     ; 0               ; 0             ; 0               ; 0     ; 0              ; 0            ; 0                ; 0                 ;
; inst138|inst4|inst38                                       ; 6     ; 0              ; 0            ; 0              ; 0      ; 0               ; 0             ; 0               ; 5     ; 0              ; 0            ; 0                ; 0                 ;
; inst138|inst4|inst37                                       ; 6     ; 0              ; 0            ; 0              ; 0      ; 0               ; 0             ; 0               ; 5     ; 0              ; 0            ; 0                ; 0                 ;
; inst138|inst4|inst36                                       ; 6     ; 0              ; 0            ; 0              ; 0      ; 0               ; 0             ; 0               ; 5     ; 0              ; 0            ; 0                ; 0                 ;
; inst138|inst4|inst34|lpm_decode_component|auto_generated   ; 3     ; 0              ; 0            ; 0              ; 4      ; 0               ; 0             ; 0               ; 0     ; 0              ; 0            ; 0                ; 0                 ;
; inst138|inst4|inst34                                       ; 3     ; 0              ; 0            ; 0              ; 4      ; 0               ; 0             ; 0               ; 0     ; 0              ; 0            ; 0                ; 0                 ;
; inst138|inst4|inst35                                       ; 6     ; 0              ; 0            ; 0              ; 0      ; 0               ; 0             ; 0               ; 5     ; 0              ; 0            ; 0                ; 0                 ;
; inst138|inst4|inst                                         ; 7     ; 0              ; 0            ; 0              ; 5      ; 0               ; 0             ; 0               ; 0     ; 0              ; 0            ; 0                ; 0                 ;
; inst138|inst4|inst42                                       ; 6     ; 0              ; 0            ; 0              ; 0      ; 0               ; 0             ; 0               ; 5     ; 0              ; 0            ; 0                ; 0                 ;
; inst138|inst4|inst3                                        ; 7     ; 0              ; 0            ; 0              ; 5      ; 0               ; 0             ; 0               ; 0     ; 0              ; 0            ; 0                ; 0                 ;
; inst138|inst4|inst41                                       ; 6     ; 0              ; 0            ; 0              ; 0      ; 0               ; 0             ; 0               ; 5     ; 0              ; 0            ; 0                ; 0                 ;
; inst138|inst4|inst2                                        ; 7     ; 0              ; 0            ; 0              ; 5      ; 0               ; 0             ; 0               ; 0     ; 0              ; 0            ; 0                ; 0                 ;
; inst138|inst4|inst40                                       ; 6     ; 0              ; 0            ; 0              ; 0      ; 0               ; 0             ; 0               ; 5     ; 0              ; 0            ; 0                ; 0                 ;
; inst138|inst4|inst18|lpm_decode_component|auto_generated   ; 3     ; 0              ; 0            ; 0              ; 4      ; 0               ; 0             ; 0               ; 0     ; 0              ; 0            ; 0                ; 0                 ;
; inst138|inst4|inst18                                       ; 3     ; 0              ; 0            ; 0              ; 4      ; 0               ; 0             ; 0               ; 0     ; 0              ; 0            ; 0                ; 0                 ;
; inst138|inst4|inst1                                        ; 7     ; 0              ; 0            ; 0              ; 5      ; 0               ; 0             ; 0               ; 0     ; 0              ; 0            ; 0                ; 0                 ;
; inst138|inst4|inst16|lpm_decode_component|auto_generated   ; 3     ; 0              ; 0            ; 0              ; 4      ; 0               ; 0             ; 0               ; 0     ; 0              ; 0            ; 0                ; 0                 ;
; inst138|inst4|inst16                                       ; 3     ; 0              ; 0            ; 0              ; 4      ; 0               ; 0             ; 0               ; 0     ; 0              ; 0            ; 0                ; 0                 ;
; inst138|inst4|inst39                                       ; 6     ; 0              ; 0            ; 0              ; 0      ; 0               ; 0             ; 0               ; 5     ; 0              ; 0            ; 0                ; 0                 ;
; inst138|inst4                                              ; 11    ; 0              ; 0            ; 0              ; 10     ; 0               ; 0             ; 0               ; 0     ; 0              ; 0            ; 0                ; 0                 ;
; inst138|inst136|inst38                                     ; 6     ; 0              ; 0            ; 0              ; 0      ; 0               ; 0             ; 0               ; 5     ; 0              ; 0            ; 0                ; 0                 ;
; inst138|inst136|inst37                                     ; 6     ; 0              ; 0            ; 0              ; 0      ; 0               ; 0             ; 0               ; 5     ; 0              ; 0            ; 0                ; 0                 ;
; inst138|inst136|inst36                                     ; 6     ; 0              ; 0            ; 0              ; 0      ; 0               ; 0             ; 0               ; 5     ; 0              ; 0            ; 0                ; 0                 ;
; inst138|inst136|inst34|lpm_decode_component|auto_generated ; 3     ; 0              ; 0            ; 0              ; 4      ; 0               ; 0             ; 0               ; 0     ; 0              ; 0            ; 0                ; 0                 ;
; inst138|inst136|inst34                                     ; 3     ; 0              ; 0            ; 0              ; 4      ; 0               ; 0             ; 0               ; 0     ; 0              ; 0            ; 0                ; 0                 ;
; inst138|inst136|inst35                                     ; 6     ; 0              ; 0            ; 0              ; 0      ; 0               ; 0             ; 0               ; 5     ; 0              ; 0            ; 0                ; 0                 ;
; inst138|inst136|inst                                       ; 7     ; 0              ; 0            ; 0              ; 5      ; 0               ; 0             ; 0               ; 0     ; 0              ; 0            ; 0                ; 0                 ;
; inst138|inst136|inst42                                     ; 6     ; 0              ; 0            ; 0              ; 0      ; 0               ; 0             ; 0               ; 5     ; 0              ; 0            ; 0                ; 0                 ;
; inst138|inst136|inst3                                      ; 7     ; 0              ; 0            ; 0              ; 5      ; 0               ; 0             ; 0               ; 0     ; 0              ; 0            ; 0                ; 0                 ;
; inst138|inst136|inst41                                     ; 6     ; 0              ; 0            ; 0              ; 0      ; 0               ; 0             ; 0               ; 5     ; 0              ; 0            ; 0                ; 0                 ;
; inst138|inst136|inst2                                      ; 7     ; 0              ; 0            ; 0              ; 5      ; 0               ; 0             ; 0               ; 0     ; 0              ; 0            ; 0                ; 0                 ;
; inst138|inst136|inst40                                     ; 6     ; 0              ; 0            ; 0              ; 0      ; 0               ; 0             ; 0               ; 5     ; 0              ; 0            ; 0                ; 0                 ;
; inst138|inst136|inst18|lpm_decode_component|auto_generated ; 3     ; 0              ; 0            ; 0              ; 4      ; 0               ; 0             ; 0               ; 0     ; 0              ; 0            ; 0                ; 0                 ;
; inst138|inst136|inst18                                     ; 3     ; 0              ; 0            ; 0              ; 4      ; 0               ; 0             ; 0               ; 0     ; 0              ; 0            ; 0                ; 0                 ;
; inst138|inst136|inst1                                      ; 7     ; 0              ; 0            ; 0              ; 5      ; 0               ; 0             ; 0               ; 0     ; 0              ; 0            ; 0                ; 0                 ;
; inst138|inst136|inst16|lpm_decode_component|auto_generated ; 3     ; 0              ; 0            ; 0              ; 4      ; 0               ; 0             ; 0               ; 0     ; 0              ; 0            ; 0                ; 0                 ;
; inst138|inst136|inst16                                     ; 3     ; 0              ; 0            ; 0              ; 4      ; 0               ; 0             ; 0               ; 0     ; 0              ; 0            ; 0                ; 0                 ;
; inst138|inst136|inst39                                     ; 6     ; 0              ; 0            ; 0              ; 0      ; 0               ; 0             ; 0               ; 5     ; 0              ; 0            ; 0                ; 0                 ;
; inst138|inst136                                            ; 11    ; 0              ; 0            ; 0              ; 10     ; 0               ; 0             ; 0               ; 0     ; 0              ; 0            ; 0                ; 0                 ;
; inst138|inst135|inst38                                     ; 6     ; 0              ; 0            ; 0              ; 0      ; 0               ; 0             ; 0               ; 5     ; 0              ; 0            ; 0                ; 0                 ;
; inst138|inst135|inst37                                     ; 6     ; 0              ; 0            ; 0              ; 0      ; 0               ; 0             ; 0               ; 5     ; 0              ; 0            ; 0                ; 0                 ;
; inst138|inst135|inst36                                     ; 6     ; 0              ; 0            ; 0              ; 0      ; 0               ; 0             ; 0               ; 5     ; 0              ; 0            ; 0                ; 0                 ;
; inst138|inst135|inst34|lpm_decode_component|auto_generated ; 3     ; 0              ; 0            ; 0              ; 4      ; 0               ; 0             ; 0               ; 0     ; 0              ; 0            ; 0                ; 0                 ;
; inst138|inst135|inst34                                     ; 3     ; 0              ; 0            ; 0              ; 4      ; 0               ; 0             ; 0               ; 0     ; 0              ; 0            ; 0                ; 0                 ;
; inst138|inst135|inst35                                     ; 6     ; 0              ; 0            ; 0              ; 0      ; 0               ; 0             ; 0               ; 5     ; 0              ; 0            ; 0                ; 0                 ;
; inst138|inst135|inst                                       ; 7     ; 0              ; 0            ; 0              ; 5      ; 0               ; 0             ; 0               ; 0     ; 0              ; 0            ; 0                ; 0                 ;
; inst138|inst135|inst42                                     ; 6     ; 0              ; 0            ; 0              ; 0      ; 0               ; 0             ; 0               ; 5     ; 0              ; 0            ; 0                ; 0                 ;
; inst138|inst135|inst3                                      ; 7     ; 0              ; 0            ; 0              ; 5      ; 0               ; 0             ; 0               ; 0     ; 0              ; 0            ; 0                ; 0                 ;
; inst138|inst135|inst41                                     ; 6     ; 0              ; 0            ; 0              ; 0      ; 0               ; 0             ; 0               ; 5     ; 0              ; 0            ; 0                ; 0                 ;
; inst138|inst135|inst2                                      ; 7     ; 0              ; 0            ; 0              ; 5      ; 0               ; 0             ; 0               ; 0     ; 0              ; 0            ; 0                ; 0                 ;
; inst138|inst135|inst40                                     ; 6     ; 0              ; 0            ; 0              ; 0      ; 0               ; 0             ; 0               ; 5     ; 0              ; 0            ; 0                ; 0                 ;
; inst138|inst135|inst18|lpm_decode_component|auto_generated ; 3     ; 0              ; 0            ; 0              ; 4      ; 0               ; 0             ; 0               ; 0     ; 0              ; 0            ; 0                ; 0                 ;
; inst138|inst135|inst18                                     ; 3     ; 0              ; 0            ; 0              ; 4      ; 0               ; 0             ; 0               ; 0     ; 0              ; 0            ; 0                ; 0                 ;
; inst138|inst135|inst1                                      ; 7     ; 0              ; 0            ; 0              ; 5      ; 0               ; 0             ; 0               ; 0     ; 0              ; 0            ; 0                ; 0                 ;
; inst138|inst135|inst16|lpm_decode_component|auto_generated ; 3     ; 0              ; 0            ; 0              ; 4      ; 0               ; 0             ; 0               ; 0     ; 0              ; 0            ; 0                ; 0                 ;
; inst138|inst135|inst16                                     ; 3     ; 0              ; 0            ; 0              ; 4      ; 0               ; 0             ; 0               ; 0     ; 0              ; 0            ; 0                ; 0                 ;
; inst138|inst135|inst39                                     ; 6     ; 0              ; 0            ; 0              ; 0      ; 0               ; 0             ; 0               ; 5     ; 0              ; 0            ; 0                ; 0                 ;
; inst138|inst135                                            ; 11    ; 0              ; 0            ; 0              ; 10     ; 0               ; 0             ; 0               ; 0     ; 0              ; 0            ; 0                ; 0                 ;
; inst138|inst118|inst38                                     ; 6     ; 0              ; 0            ; 0              ; 0      ; 0               ; 0             ; 0               ; 5     ; 0              ; 0            ; 0                ; 0                 ;
; inst138|inst118|inst37                                     ; 6     ; 0              ; 0            ; 0              ; 0      ; 0               ; 0             ; 0               ; 5     ; 0              ; 0            ; 0                ; 0                 ;
; inst138|inst118|inst36                                     ; 6     ; 0              ; 0            ; 0              ; 0      ; 0               ; 0             ; 0               ; 5     ; 0              ; 0            ; 0                ; 0                 ;
; inst138|inst118|inst34|lpm_decode_component|auto_generated ; 3     ; 0              ; 0            ; 0              ; 4      ; 0               ; 0             ; 0               ; 0     ; 0              ; 0            ; 0                ; 0                 ;
; inst138|inst118|inst34                                     ; 3     ; 0              ; 0            ; 0              ; 4      ; 0               ; 0             ; 0               ; 0     ; 0              ; 0            ; 0                ; 0                 ;
; inst138|inst118|inst35                                     ; 6     ; 0              ; 0            ; 0              ; 0      ; 0               ; 0             ; 0               ; 5     ; 0              ; 0            ; 0                ; 0                 ;
; inst138|inst118|inst                                       ; 7     ; 0              ; 0            ; 0              ; 5      ; 0               ; 0             ; 0               ; 0     ; 0              ; 0            ; 0                ; 0                 ;
; inst138|inst118|inst42                                     ; 6     ; 0              ; 0            ; 0              ; 0      ; 0               ; 0             ; 0               ; 5     ; 0              ; 0            ; 0                ; 0                 ;
; inst138|inst118|inst3                                      ; 7     ; 0              ; 0            ; 0              ; 5      ; 0               ; 0             ; 0               ; 0     ; 0              ; 0            ; 0                ; 0                 ;
; inst138|inst118|inst41                                     ; 6     ; 0              ; 0            ; 0              ; 0      ; 0               ; 0             ; 0               ; 5     ; 0              ; 0            ; 0                ; 0                 ;
; inst138|inst118|inst2                                      ; 7     ; 0              ; 0            ; 0              ; 5      ; 0               ; 0             ; 0               ; 0     ; 0              ; 0            ; 0                ; 0                 ;
; inst138|inst118|inst40                                     ; 6     ; 0              ; 0            ; 0              ; 0      ; 0               ; 0             ; 0               ; 5     ; 0              ; 0            ; 0                ; 0                 ;
; inst138|inst118|inst18|lpm_decode_component|auto_generated ; 3     ; 0              ; 0            ; 0              ; 4      ; 0               ; 0             ; 0               ; 0     ; 0              ; 0            ; 0                ; 0                 ;
; inst138|inst118|inst18                                     ; 3     ; 0              ; 0            ; 0              ; 4      ; 0               ; 0             ; 0               ; 0     ; 0              ; 0            ; 0                ; 0                 ;
; inst138|inst118|inst1                                      ; 7     ; 0              ; 0            ; 0              ; 5      ; 0               ; 0             ; 0               ; 0     ; 0              ; 0            ; 0                ; 0                 ;
; inst138|inst118|inst16|lpm_decode_component|auto_generated ; 3     ; 0              ; 0            ; 0              ; 4      ; 0               ; 0             ; 0               ; 0     ; 0              ; 0            ; 0                ; 0                 ;
; inst138|inst118|inst16                                     ; 3     ; 0              ; 0            ; 0              ; 4      ; 0               ; 0             ; 0               ; 0     ; 0              ; 0            ; 0                ; 0                 ;
; inst138|inst118|inst39                                     ; 6     ; 0              ; 0            ; 0              ; 0      ; 0               ; 0             ; 0               ; 5     ; 0              ; 0            ; 0                ; 0                 ;
; inst138|inst118                                            ; 11    ; 0              ; 0            ; 0              ; 10     ; 0               ; 0             ; 0               ; 0     ; 0              ; 0            ; 0                ; 0                 ;
; inst138|inst117|inst38                                     ; 6     ; 0              ; 0            ; 0              ; 0      ; 0               ; 0             ; 0               ; 5     ; 0              ; 0            ; 0                ; 0                 ;
; inst138|inst117|inst37                                     ; 6     ; 0              ; 0            ; 0              ; 0      ; 0               ; 0             ; 0               ; 5     ; 0              ; 0            ; 0                ; 0                 ;
; inst138|inst117|inst36                                     ; 6     ; 0              ; 0            ; 0              ; 0      ; 0               ; 0             ; 0               ; 5     ; 0              ; 0            ; 0                ; 0                 ;
; inst138|inst117|inst34|lpm_decode_component|auto_generated ; 3     ; 0              ; 0            ; 0              ; 4      ; 0               ; 0             ; 0               ; 0     ; 0              ; 0            ; 0                ; 0                 ;
; inst138|inst117|inst34                                     ; 3     ; 0              ; 0            ; 0              ; 4      ; 0               ; 0             ; 0               ; 0     ; 0              ; 0            ; 0                ; 0                 ;
; inst138|inst117|inst35                                     ; 6     ; 0              ; 0            ; 0              ; 0      ; 0               ; 0             ; 0               ; 5     ; 0              ; 0            ; 0                ; 0                 ;
; inst138|inst117|inst                                       ; 7     ; 0              ; 0            ; 0              ; 5      ; 0               ; 0             ; 0               ; 0     ; 0              ; 0            ; 0                ; 0                 ;
; inst138|inst117|inst42                                     ; 6     ; 0              ; 0            ; 0              ; 0      ; 0               ; 0             ; 0               ; 5     ; 0              ; 0            ; 0                ; 0                 ;
; inst138|inst117|inst3                                      ; 7     ; 0              ; 0            ; 0              ; 5      ; 0               ; 0             ; 0               ; 0     ; 0              ; 0            ; 0                ; 0                 ;
; inst138|inst117|inst41                                     ; 6     ; 0              ; 0            ; 0              ; 0      ; 0               ; 0             ; 0               ; 5     ; 0              ; 0            ; 0                ; 0                 ;
; inst138|inst117|inst2                                      ; 7     ; 0              ; 0            ; 0              ; 5      ; 0               ; 0             ; 0               ; 0     ; 0              ; 0            ; 0                ; 0                 ;
; inst138|inst117|inst40                                     ; 6     ; 0              ; 0            ; 0              ; 0      ; 0               ; 0             ; 0               ; 5     ; 0              ; 0            ; 0                ; 0                 ;
; inst138|inst117|inst18|lpm_decode_component|auto_generated ; 3     ; 0              ; 0            ; 0              ; 4      ; 0               ; 0             ; 0               ; 0     ; 0              ; 0            ; 0                ; 0                 ;
; inst138|inst117|inst18                                     ; 3     ; 0              ; 0            ; 0              ; 4      ; 0               ; 0             ; 0               ; 0     ; 0              ; 0            ; 0                ; 0                 ;
; inst138|inst117|inst1                                      ; 7     ; 0              ; 0            ; 0              ; 5      ; 0               ; 0             ; 0               ; 0     ; 0              ; 0            ; 0                ; 0                 ;
; inst138|inst117|inst16|lpm_decode_component|auto_generated ; 3     ; 0              ; 0            ; 0              ; 4      ; 0               ; 0             ; 0               ; 0     ; 0              ; 0            ; 0                ; 0                 ;
; inst138|inst117|inst16                                     ; 3     ; 0              ; 0            ; 0              ; 4      ; 0               ; 0             ; 0               ; 0     ; 0              ; 0            ; 0                ; 0                 ;
; inst138|inst117|inst39                                     ; 6     ; 0              ; 0            ; 0              ; 0      ; 0               ; 0             ; 0               ; 5     ; 0              ; 0            ; 0                ; 0                 ;
; inst138|inst117                                            ; 11    ; 0              ; 0            ; 0              ; 10     ; 0               ; 0             ; 0               ; 0     ; 0              ; 0            ; 0                ; 0                 ;
; inst138|inst124|lpm_mux_component|auto_generated           ; 11    ; 0              ; 0            ; 0              ; 5      ; 0               ; 0             ; 0               ; 0     ; 0              ; 0            ; 0                ; 0                 ;
; inst138|inst124                                            ; 11    ; 0              ; 0            ; 0              ; 5      ; 0               ; 0             ; 0               ; 0     ; 0              ; 0            ; 0                ; 0                 ;
; inst138|inst54|lpm_mux_component|auto_generated            ; 5     ; 0              ; 0            ; 0              ; 2      ; 0               ; 0             ; 0               ; 0     ; 0              ; 0            ; 0                ; 0                 ;
; inst138|inst54                                             ; 5     ; 0              ; 0            ; 0              ; 2      ; 0               ; 0             ; 0               ; 0     ; 0              ; 0            ; 0                ; 0                 ;
; inst138|inst73|lpm_decode_component|auto_generated         ; 4     ; 0              ; 0            ; 0              ; 8      ; 0               ; 0             ; 0               ; 0     ; 0              ; 0            ; 0                ; 0                 ;
; inst138|inst73                                             ; 4     ; 0              ; 0            ; 0              ; 8      ; 0               ; 0             ; 0               ; 0     ; 0              ; 0            ; 0                ; 0                 ;
; inst138|inst48|lpm_decode_component|auto_generated         ; 4     ; 0              ; 0            ; 0              ; 8      ; 0               ; 0             ; 0               ; 0     ; 0              ; 0            ; 0                ; 0                 ;
; inst138|inst48                                             ; 4     ; 0              ; 0            ; 0              ; 8      ; 0               ; 0             ; 0               ; 0     ; 0              ; 0            ; 0                ; 0                 ;
; inst138|inst50|lpm_mux_component|auto_generated            ; 3     ; 0              ; 0            ; 0              ; 1      ; 0               ; 0             ; 0               ; 0     ; 0              ; 0            ; 0                ; 0                 ;
; inst138|inst50                                             ; 3     ; 0              ; 0            ; 0              ; 1      ; 0               ; 0             ; 0               ; 0     ; 0              ; 0            ; 0                ; 0                 ;
; inst138|inst|inst38                                        ; 6     ; 0              ; 0            ; 0              ; 0      ; 0               ; 0             ; 0               ; 5     ; 0              ; 0            ; 0                ; 0                 ;
; inst138|inst|inst37                                        ; 6     ; 0              ; 0            ; 0              ; 0      ; 0               ; 0             ; 0               ; 5     ; 0              ; 0            ; 0                ; 0                 ;
; inst138|inst|inst36                                        ; 6     ; 0              ; 0            ; 0              ; 0      ; 0               ; 0             ; 0               ; 5     ; 0              ; 0            ; 0                ; 0                 ;
; inst138|inst|inst34|lpm_decode_component|auto_generated    ; 3     ; 0              ; 0            ; 0              ; 4      ; 0               ; 0             ; 0               ; 0     ; 0              ; 0            ; 0                ; 0                 ;
; inst138|inst|inst34                                        ; 3     ; 0              ; 0            ; 0              ; 4      ; 0               ; 0             ; 0               ; 0     ; 0              ; 0            ; 0                ; 0                 ;
; inst138|inst|inst35                                        ; 6     ; 0              ; 0            ; 0              ; 0      ; 0               ; 0             ; 0               ; 5     ; 0              ; 0            ; 0                ; 0                 ;
; inst138|inst|inst                                          ; 7     ; 0              ; 0            ; 0              ; 5      ; 0               ; 0             ; 0               ; 0     ; 0              ; 0            ; 0                ; 0                 ;
; inst138|inst|inst42                                        ; 6     ; 0              ; 0            ; 0              ; 0      ; 0               ; 0             ; 0               ; 5     ; 0              ; 0            ; 0                ; 0                 ;
; inst138|inst|inst3                                         ; 7     ; 0              ; 0            ; 0              ; 5      ; 0               ; 0             ; 0               ; 0     ; 0              ; 0            ; 0                ; 0                 ;
; inst138|inst|inst41                                        ; 6     ; 0              ; 0            ; 0              ; 0      ; 0               ; 0             ; 0               ; 5     ; 0              ; 0            ; 0                ; 0                 ;
; inst138|inst|inst2                                         ; 7     ; 0              ; 0            ; 0              ; 5      ; 0               ; 0             ; 0               ; 0     ; 0              ; 0            ; 0                ; 0                 ;
; inst138|inst|inst40                                        ; 6     ; 0              ; 0            ; 0              ; 0      ; 0               ; 0             ; 0               ; 5     ; 0              ; 0            ; 0                ; 0                 ;
; inst138|inst|inst18|lpm_decode_component|auto_generated    ; 3     ; 0              ; 0            ; 0              ; 4      ; 0               ; 0             ; 0               ; 0     ; 0              ; 0            ; 0                ; 0                 ;
; inst138|inst|inst18                                        ; 3     ; 0              ; 0            ; 0              ; 4      ; 0               ; 0             ; 0               ; 0     ; 0              ; 0            ; 0                ; 0                 ;
; inst138|inst|inst1                                         ; 7     ; 0              ; 0            ; 0              ; 5      ; 0               ; 0             ; 0               ; 0     ; 0              ; 0            ; 0                ; 0                 ;
; inst138|inst|inst16|lpm_decode_component|auto_generated    ; 3     ; 0              ; 0            ; 0              ; 4      ; 0               ; 0             ; 0               ; 0     ; 0              ; 0            ; 0                ; 0                 ;
; inst138|inst|inst16                                        ; 3     ; 0              ; 0            ; 0              ; 4      ; 0               ; 0             ; 0               ; 0     ; 0              ; 0            ; 0                ; 0                 ;
; inst138|inst|inst39                                        ; 6     ; 0              ; 0            ; 0              ; 0      ; 0               ; 0             ; 0               ; 5     ; 0              ; 0            ; 0                ; 0                 ;
; inst138|inst                                               ; 11    ; 0              ; 0            ; 0              ; 10     ; 0               ; 0             ; 0               ; 0     ; 0              ; 0            ; 0                ; 0                 ;
; inst138|inst123|lpm_mux_component|auto_generated           ; 51    ; 0              ; 0            ; 0              ; 6      ; 0               ; 0             ; 0               ; 0     ; 0              ; 0            ; 0                ; 0                 ;
; inst138|inst123                                            ; 51    ; 0              ; 0            ; 0              ; 6      ; 0               ; 0             ; 0               ; 0     ; 0              ; 0            ; 0                ; 0                 ;
; inst138|inst125                                            ; 7     ; 0              ; 0            ; 0              ; 6      ; 0               ; 0             ; 0               ; 0     ; 0              ; 0            ; 0                ; 0                 ;
; inst138|inst121|lpm_mux_component|auto_generated           ; 13    ; 0              ; 0            ; 0              ; 6      ; 0               ; 0             ; 0               ; 0     ; 0              ; 0            ; 0                ; 0                 ;
; inst138|inst121                                            ; 13    ; 0              ; 0            ; 0              ; 6      ; 0               ; 0             ; 0               ; 0     ; 0              ; 0            ; 0                ; 0                 ;
; inst138|inst222                                            ; 4     ; 0              ; 0            ; 0              ; 1      ; 0               ; 0             ; 0               ; 0     ; 0              ; 0            ; 0                ; 0                 ;
; inst138|inst214                                            ; 4     ; 0              ; 0            ; 0              ; 1      ; 0               ; 0             ; 0               ; 0     ; 0              ; 0            ; 0                ; 0                 ;
; inst138|inst212                                            ; 4     ; 0              ; 0            ; 0              ; 1      ; 0               ; 0             ; 0               ; 0     ; 0              ; 0            ; 0                ; 0                 ;
; inst138|inst213                                            ; 4     ; 0              ; 0            ; 0              ; 1      ; 0               ; 0             ; 0               ; 0     ; 0              ; 0            ; 0                ; 0                 ;
; inst138|inst129                                            ; 4     ; 0              ; 0            ; 0              ; 1      ; 0               ; 0             ; 0               ; 0     ; 0              ; 0            ; 0                ; 0                 ;
; inst138|inst127                                            ; 4     ; 0              ; 0            ; 0              ; 1      ; 0               ; 0             ; 0               ; 0     ; 0              ; 0            ; 0                ; 0                 ;
; inst138|inst128                                            ; 4     ; 0              ; 0            ; 0              ; 1      ; 0               ; 0             ; 0               ; 0     ; 0              ; 0            ; 0                ; 0                 ;
; inst138|inst126                                            ; 4     ; 0              ; 0            ; 0              ; 1      ; 0               ; 0             ; 0               ; 0     ; 0              ; 0            ; 0                ; 0                 ;
; inst138|inst209                                            ; 2     ; 0              ; 0            ; 0              ; 1      ; 0               ; 0             ; 0               ; 0     ; 0              ; 0            ; 0                ; 0                 ;
; inst138|inst99|inst                                        ; 3     ; 0              ; 0            ; 0              ; 0      ; 0               ; 0             ; 0               ; 2     ; 0              ; 0            ; 0                ; 2                 ;
; inst138|inst99|inst38|lpm_counter_component|auto_generated ; 2     ; 0              ; 0            ; 0              ; 3      ; 0               ; 0             ; 0               ; 0     ; 0              ; 0            ; 0                ; 0                 ;
; inst138|inst99|inst38                                      ; 2     ; 1              ; 0            ; 1              ; 3      ; 1               ; 1             ; 1               ; 0     ; 0              ; 0            ; 0                ; 0                 ;
; inst138|inst99|inst46|lpm_decode_component|auto_generated  ; 2     ; 0              ; 0            ; 0              ; 4      ; 0               ; 0             ; 0               ; 0     ; 0              ; 0            ; 0                ; 0                 ;
; inst138|inst99|inst46                                      ; 2     ; 0              ; 0            ; 0              ; 1      ; 0               ; 0             ; 0               ; 0     ; 0              ; 0            ; 0                ; 0                 ;
; inst138|inst99|inst44|lpm_mux_component|auto_generated     ; 3     ; 0              ; 0            ; 0              ; 1      ; 0               ; 0             ; 0               ; 0     ; 0              ; 0            ; 0                ; 0                 ;
; inst138|inst99|inst44                                      ; 3     ; 0              ; 0            ; 0              ; 1      ; 0               ; 0             ; 0               ; 0     ; 0              ; 0            ; 0                ; 0                 ;
; inst138|inst99                                             ; 2     ; 0              ; 0            ; 0              ; 3      ; 0               ; 0             ; 0               ; 0     ; 0              ; 0            ; 0                ; 0                 ;
; inst138|inst72|lpm_mux_component|auto_generated            ; 3     ; 0              ; 0            ; 0              ; 1      ; 0               ; 0             ; 0               ; 0     ; 0              ; 0            ; 0                ; 0                 ;
; inst138|inst72                                             ; 3     ; 0              ; 0            ; 0              ; 1      ; 0               ; 0             ; 0               ; 0     ; 0              ; 0            ; 0                ; 0                 ;
; inst138|inst98|inst                                        ; 3     ; 0              ; 0            ; 0              ; 0      ; 0               ; 0             ; 0               ; 2     ; 0              ; 0            ; 0                ; 2                 ;
; inst138|inst98|inst38|lpm_counter_component|auto_generated ; 2     ; 0              ; 0            ; 0              ; 3      ; 0               ; 0             ; 0               ; 0     ; 0              ; 0            ; 0                ; 0                 ;
; inst138|inst98|inst38                                      ; 2     ; 1              ; 0            ; 1              ; 3      ; 1               ; 1             ; 1               ; 0     ; 0              ; 0            ; 0                ; 0                 ;
; inst138|inst98|inst46|lpm_decode_component|auto_generated  ; 2     ; 0              ; 0            ; 0              ; 4      ; 0               ; 0             ; 0               ; 0     ; 0              ; 0            ; 0                ; 0                 ;
; inst138|inst98|inst46                                      ; 2     ; 0              ; 0            ; 0              ; 1      ; 0               ; 0             ; 0               ; 0     ; 0              ; 0            ; 0                ; 0                 ;
; inst138|inst98|inst44|lpm_mux_component|auto_generated     ; 3     ; 0              ; 0            ; 0              ; 1      ; 0               ; 0             ; 0               ; 0     ; 0              ; 0            ; 0                ; 0                 ;
; inst138|inst98|inst44                                      ; 3     ; 0              ; 0            ; 0              ; 1      ; 0               ; 0             ; 0               ; 0     ; 0              ; 0            ; 0                ; 0                 ;
; inst138|inst98                                             ; 2     ; 0              ; 0            ; 0              ; 3      ; 0               ; 0             ; 0               ; 0     ; 0              ; 0            ; 0                ; 0                 ;
; inst138|inst191|inst                                       ; 8     ; 0              ; 0            ; 0              ; 6      ; 0               ; 0             ; 0               ; 0     ; 0              ; 0            ; 0                ; 0                 ;
; inst138|inst191                                            ; 8     ; 0              ; 0            ; 0              ; 7      ; 0               ; 0             ; 0               ; 0     ; 0              ; 0            ; 0                ; 0                 ;
; inst138|inst189|lpm_compare_component|auto_generated       ; 12    ; 0              ; 0            ; 0              ; 1      ; 0               ; 0             ; 0               ; 0     ; 0              ; 0            ; 0                ; 0                 ;
; inst138|inst189                                            ; 12    ; 0              ; 0            ; 0              ; 1      ; 0               ; 0             ; 0               ; 0     ; 0              ; 0            ; 0                ; 0                 ;
; inst138|inst188|inst                                       ; 8     ; 0              ; 0            ; 0              ; 6      ; 0               ; 0             ; 0               ; 0     ; 0              ; 0            ; 0                ; 0                 ;
; inst138|inst188                                            ; 8     ; 0              ; 0            ; 0              ; 7      ; 0               ; 0             ; 0               ; 0     ; 0              ; 0            ; 0                ; 0                 ;
; inst138|inst186|lpm_compare_component|auto_generated       ; 12    ; 0              ; 0            ; 0              ; 1      ; 0               ; 0             ; 0               ; 0     ; 0              ; 0            ; 0                ; 0                 ;
; inst138|inst186                                            ; 12    ; 0              ; 0            ; 0              ; 1      ; 0               ; 0             ; 0               ; 0     ; 0              ; 0            ; 0                ; 0                 ;
; inst138|inst26|inst                                        ; 8     ; 0              ; 0            ; 0              ; 6      ; 0               ; 0             ; 0               ; 0     ; 0              ; 0            ; 0                ; 0                 ;
; inst138|inst26                                             ; 8     ; 0              ; 0            ; 0              ; 7      ; 0               ; 0             ; 0               ; 0     ; 0              ; 0            ; 0                ; 0                 ;
; inst138|inst24|lpm_compare_component|auto_generated        ; 12    ; 0              ; 0            ; 0              ; 1      ; 0               ; 0             ; 0               ; 0     ; 0              ; 0            ; 0                ; 0                 ;
; inst138|inst24                                             ; 12    ; 0              ; 0            ; 0              ; 1      ; 0               ; 0             ; 0               ; 0     ; 0              ; 0            ; 0                ; 0                 ;
; inst138|inst61|inst                                        ; 8     ; 0              ; 0            ; 0              ; 6      ; 0               ; 0             ; 0               ; 0     ; 0              ; 0            ; 0                ; 0                 ;
; inst138|inst61                                             ; 8     ; 0              ; 0            ; 0              ; 7      ; 0               ; 0             ; 0               ; 0     ; 0              ; 0            ; 0                ; 0                 ;
; inst138|inst59|lpm_compare_component|auto_generated        ; 12    ; 0              ; 0            ; 0              ; 1      ; 0               ; 0             ; 0               ; 0     ; 0              ; 0            ; 0                ; 0                 ;
; inst138|inst59                                             ; 12    ; 0              ; 0            ; 0              ; 1      ; 0               ; 0             ; 0               ; 0     ; 0              ; 0            ; 0                ; 0                 ;
; inst138|inst11|inst                                        ; 8     ; 0              ; 0            ; 0              ; 6      ; 0               ; 0             ; 0               ; 0     ; 0              ; 0            ; 0                ; 0                 ;
; inst138|inst11                                             ; 8     ; 0              ; 0            ; 0              ; 7      ; 0               ; 0             ; 0               ; 0     ; 0              ; 0            ; 0                ; 0                 ;
; inst138|inst22|lpm_compare_component|auto_generated        ; 12    ; 0              ; 0            ; 0              ; 1      ; 0               ; 0             ; 0               ; 0     ; 0              ; 0            ; 0                ; 0                 ;
; inst138|inst22                                             ; 12    ; 0              ; 0            ; 0              ; 1      ; 0               ; 0             ; 0               ; 0     ; 0              ; 0            ; 0                ; 0                 ;
; inst138|inst9|inst                                         ; 8     ; 0              ; 0            ; 0              ; 6      ; 0               ; 0             ; 0               ; 0     ; 0              ; 0            ; 0                ; 0                 ;
; inst138|inst9                                              ; 8     ; 0              ; 0            ; 0              ; 7      ; 0               ; 0             ; 0               ; 0     ; 0              ; 0            ; 0                ; 0                 ;
; inst138|inst18|lpm_compare_component|auto_generated        ; 12    ; 0              ; 0            ; 0              ; 1      ; 0               ; 0             ; 0               ; 0     ; 0              ; 0            ; 0                ; 0                 ;
; inst138|inst18                                             ; 12    ; 0              ; 0            ; 0              ; 1      ; 0               ; 0             ; 0               ; 0     ; 0              ; 0            ; 0                ; 0                 ;
; inst138|inst10|inst                                        ; 8     ; 0              ; 0            ; 0              ; 6      ; 0               ; 0             ; 0               ; 0     ; 0              ; 0            ; 0                ; 0                 ;
; inst138|inst10                                             ; 8     ; 0              ; 0            ; 0              ; 7      ; 0               ; 0             ; 0               ; 0     ; 0              ; 0            ; 0                ; 0                 ;
; inst138|inst20|lpm_compare_component|auto_generated        ; 12    ; 0              ; 0            ; 0              ; 1      ; 0               ; 0             ; 0               ; 0     ; 0              ; 0            ; 0                ; 0                 ;
; inst138|inst20                                             ; 12    ; 0              ; 0            ; 0              ; 1      ; 0               ; 0             ; 0               ; 0     ; 0              ; 0            ; 0                ; 0                 ;
; inst138|inst88                                             ; 0     ; 0              ; 0            ; 0              ; 3      ; 0               ; 0             ; 0               ; 0     ; 0              ; 0            ; 0                ; 0                 ;
; inst138|inst175                                            ; 7     ; 0              ; 0            ; 0              ; 1      ; 0               ; 0             ; 0               ; 0     ; 0              ; 0            ; 0                ; 0                 ;
; inst138|inst94                                             ; 4     ; 0              ; 0            ; 0              ; 0      ; 0               ; 0             ; 0               ; 3     ; 0              ; 0            ; 0                ; 0                 ;
; inst138|inst89                                             ; 0     ; 0              ; 0            ; 0              ; 3      ; 0               ; 0             ; 0               ; 0     ; 0              ; 0            ; 0                ; 0                 ;
; inst138|inst30|lpm_compare_component|auto_generated        ; 16    ; 0              ; 0            ; 0              ; 3      ; 0               ; 0             ; 0               ; 0     ; 0              ; 0            ; 0                ; 0                 ;
; inst138|inst30                                             ; 16    ; 0              ; 0            ; 0              ; 3      ; 0               ; 0             ; 0               ; 0     ; 0              ; 0            ; 0                ; 0                 ;
; inst138|inst176                                            ; 7     ; 0              ; 0            ; 0              ; 1      ; 0               ; 0             ; 0               ; 0     ; 0              ; 0            ; 0                ; 0                 ;
; inst138|inst95                                             ; 4     ; 0              ; 0            ; 0              ; 0      ; 0               ; 0             ; 0               ; 3     ; 0              ; 0            ; 0                ; 0                 ;
; inst138|inst90                                             ; 0     ; 0              ; 0            ; 0              ; 3      ; 0               ; 0             ; 0               ; 0     ; 0              ; 0            ; 0                ; 0                 ;
; inst138|inst37|lpm_compare_component|auto_generated        ; 16    ; 0              ; 0            ; 0              ; 3      ; 0               ; 0             ; 0               ; 0     ; 0              ; 0            ; 0                ; 0                 ;
; inst138|inst37                                             ; 16    ; 0              ; 0            ; 0              ; 3      ; 0               ; 0             ; 0               ; 0     ; 0              ; 0            ; 0                ; 0                 ;
; inst138|inst31|lpm_compare_component|auto_generated        ; 16    ; 0              ; 0            ; 0              ; 3      ; 0               ; 0             ; 0               ; 0     ; 0              ; 0            ; 0                ; 0                 ;
; inst138|inst31                                             ; 16    ; 0              ; 0            ; 0              ; 3      ; 0               ; 0             ; 0               ; 0     ; 0              ; 0            ; 0                ; 0                 ;
; inst138|inst177                                            ; 7     ; 0              ; 0            ; 0              ; 1      ; 0               ; 0             ; 0               ; 0     ; 0              ; 0            ; 0                ; 0                 ;
; inst138|inst96                                             ; 4     ; 0              ; 0            ; 0              ; 0      ; 0               ; 0             ; 0               ; 3     ; 0              ; 0            ; 0                ; 0                 ;
; inst138|inst92                                             ; 0     ; 0              ; 0            ; 0              ; 3      ; 0               ; 0             ; 0               ; 0     ; 0              ; 0            ; 0                ; 0                 ;
; inst138|inst40|lpm_compare_component|auto_generated        ; 16    ; 0              ; 0            ; 0              ; 3      ; 0               ; 0             ; 0               ; 0     ; 0              ; 0            ; 0                ; 0                 ;
; inst138|inst40                                             ; 16    ; 0              ; 0            ; 0              ; 3      ; 0               ; 0             ; 0               ; 0     ; 0              ; 0            ; 0                ; 0                 ;
; inst138|inst38|lpm_compare_component|auto_generated        ; 16    ; 0              ; 0            ; 0              ; 3      ; 0               ; 0             ; 0               ; 0     ; 0              ; 0            ; 0                ; 0                 ;
; inst138|inst38                                             ; 16    ; 0              ; 0            ; 0              ; 3      ; 0               ; 0             ; 0               ; 0     ; 0              ; 0            ; 0                ; 0                 ;
; inst138|inst32|lpm_compare_component|auto_generated        ; 16    ; 0              ; 0            ; 0              ; 3      ; 0               ; 0             ; 0               ; 0     ; 0              ; 0            ; 0                ; 0                 ;
; inst138|inst32                                             ; 16    ; 0              ; 0            ; 0              ; 3      ; 0               ; 0             ; 0               ; 0     ; 0              ; 0            ; 0                ; 0                 ;
; inst138|inst178                                            ; 7     ; 0              ; 0            ; 0              ; 1      ; 0               ; 0             ; 0               ; 0     ; 0              ; 0            ; 0                ; 0                 ;
; inst138|inst97                                             ; 4     ; 0              ; 0            ; 0              ; 0      ; 0               ; 0             ; 0               ; 3     ; 0              ; 0            ; 0                ; 0                 ;
; inst138|inst148                                            ; 0     ; 0              ; 0            ; 0              ; 3      ; 0               ; 0             ; 0               ; 0     ; 0              ; 0            ; 0                ; 0                 ;
; inst138|inst165|lpm_compare_component|auto_generated       ; 16    ; 0              ; 0            ; 0              ; 3      ; 0               ; 0             ; 0               ; 0     ; 0              ; 0            ; 0                ; 0                 ;
; inst138|inst165                                            ; 16    ; 0              ; 0            ; 0              ; 3      ; 0               ; 0             ; 0               ; 0     ; 0              ; 0            ; 0                ; 0                 ;
; inst138|inst161|lpm_compare_component|auto_generated       ; 16    ; 0              ; 0            ; 0              ; 3      ; 0               ; 0             ; 0               ; 0     ; 0              ; 0            ; 0                ; 0                 ;
; inst138|inst161                                            ; 16    ; 0              ; 0            ; 0              ; 3      ; 0               ; 0             ; 0               ; 0     ; 0              ; 0            ; 0                ; 0                 ;
; inst138|inst108|lpm_compare_component|auto_generated       ; 16    ; 0              ; 0            ; 0              ; 3      ; 0               ; 0             ; 0               ; 0     ; 0              ; 0            ; 0                ; 0                 ;
; inst138|inst108                                            ; 16    ; 0              ; 0            ; 0              ; 3      ; 0               ; 0             ; 0               ; 0     ; 0              ; 0            ; 0                ; 0                 ;
; inst138|inst33|lpm_compare_component|auto_generated        ; 16    ; 0              ; 0            ; 0              ; 3      ; 0               ; 0             ; 0               ; 0     ; 0              ; 0            ; 0                ; 0                 ;
; inst138|inst33                                             ; 16    ; 0              ; 0            ; 0              ; 3      ; 0               ; 0             ; 0               ; 0     ; 0              ; 0            ; 0                ; 0                 ;
; inst138|inst179                                            ; 7     ; 0              ; 0            ; 0              ; 1      ; 0               ; 0             ; 0               ; 0     ; 0              ; 0            ; 0                ; 0                 ;
; inst138|inst138                                            ; 4     ; 0              ; 0            ; 0              ; 0      ; 0               ; 0             ; 0               ; 3     ; 0              ; 0            ; 0                ; 0                 ;
; inst138|inst149                                            ; 0     ; 0              ; 0            ; 0              ; 3      ; 0               ; 0             ; 0               ; 0     ; 0              ; 0            ; 0                ; 0                 ;
; inst138|inst169|lpm_compare_component|auto_generated       ; 16    ; 0              ; 0            ; 0              ; 3      ; 0               ; 0             ; 0               ; 0     ; 0              ; 0            ; 0                ; 0                 ;
; inst138|inst169                                            ; 16    ; 0              ; 0            ; 0              ; 3      ; 0               ; 0             ; 0               ; 0     ; 0              ; 0            ; 0                ; 0                 ;
; inst138|inst166|lpm_compare_component|auto_generated       ; 16    ; 0              ; 0            ; 0              ; 3      ; 0               ; 0             ; 0               ; 0     ; 0              ; 0            ; 0                ; 0                 ;
; inst138|inst166                                            ; 16    ; 0              ; 0            ; 0              ; 3      ; 0               ; 0             ; 0               ; 0     ; 0              ; 0            ; 0                ; 0                 ;
; inst138|inst162|lpm_compare_component|auto_generated       ; 16    ; 0              ; 0            ; 0              ; 3      ; 0               ; 0             ; 0               ; 0     ; 0              ; 0            ; 0                ; 0                 ;
; inst138|inst162                                            ; 16    ; 0              ; 0            ; 0              ; 3      ; 0               ; 0             ; 0               ; 0     ; 0              ; 0            ; 0                ; 0                 ;
; inst138|inst158|lpm_compare_component|auto_generated       ; 16    ; 0              ; 0            ; 0              ; 3      ; 0               ; 0             ; 0               ; 0     ; 0              ; 0            ; 0                ; 0                 ;
; inst138|inst158                                            ; 16    ; 0              ; 0            ; 0              ; 3      ; 0               ; 0             ; 0               ; 0     ; 0              ; 0            ; 0                ; 0                 ;
; inst138|inst75|lpm_compare_component|auto_generated        ; 16    ; 0              ; 0            ; 0              ; 3      ; 0               ; 0             ; 0               ; 0     ; 0              ; 0            ; 0                ; 0                 ;
; inst138|inst75                                             ; 16    ; 0              ; 0            ; 0              ; 3      ; 0               ; 0             ; 0               ; 0     ; 0              ; 0            ; 0                ; 0                 ;
; inst138|inst180                                            ; 7     ; 0              ; 0            ; 0              ; 1      ; 0               ; 0             ; 0               ; 0     ; 0              ; 0            ; 0                ; 0                 ;
; inst138|inst140                                            ; 4     ; 0              ; 0            ; 0              ; 0      ; 0               ; 0             ; 0               ; 3     ; 0              ; 0            ; 0                ; 0                 ;
; inst138|inst152                                            ; 0     ; 0              ; 0            ; 0              ; 3      ; 0               ; 0             ; 0               ; 0     ; 0              ; 0            ; 0                ; 0                 ;
; inst138|inst172|lpm_compare_component|auto_generated       ; 16    ; 0              ; 0            ; 0              ; 3      ; 0               ; 0             ; 0               ; 0     ; 0              ; 0            ; 0                ; 0                 ;
; inst138|inst172                                            ; 16    ; 0              ; 0            ; 0              ; 3      ; 0               ; 0             ; 0               ; 0     ; 0              ; 0            ; 0                ; 0                 ;
; inst138|inst170|lpm_compare_component|auto_generated       ; 16    ; 0              ; 0            ; 0              ; 3      ; 0               ; 0             ; 0               ; 0     ; 0              ; 0            ; 0                ; 0                 ;
; inst138|inst170                                            ; 16    ; 0              ; 0            ; 0              ; 3      ; 0               ; 0             ; 0               ; 0     ; 0              ; 0            ; 0                ; 0                 ;
; inst138|inst167|lpm_compare_component|auto_generated       ; 16    ; 0              ; 0            ; 0              ; 3      ; 0               ; 0             ; 0               ; 0     ; 0              ; 0            ; 0                ; 0                 ;
; inst138|inst167                                            ; 16    ; 0              ; 0            ; 0              ; 3      ; 0               ; 0             ; 0               ; 0     ; 0              ; 0            ; 0                ; 0                 ;
; inst138|inst163|lpm_compare_component|auto_generated       ; 16    ; 0              ; 0            ; 0              ; 3      ; 0               ; 0             ; 0               ; 0     ; 0              ; 0            ; 0                ; 0                 ;
; inst138|inst163                                            ; 16    ; 0              ; 0            ; 0              ; 3      ; 0               ; 0             ; 0               ; 0     ; 0              ; 0            ; 0                ; 0                 ;
; inst138|inst159|lpm_compare_component|auto_generated       ; 16    ; 0              ; 0            ; 0              ; 3      ; 0               ; 0             ; 0               ; 0     ; 0              ; 0            ; 0                ; 0                 ;
; inst138|inst159                                            ; 16    ; 0              ; 0            ; 0              ; 3      ; 0               ; 0             ; 0               ; 0     ; 0              ; 0            ; 0                ; 0                 ;
; inst138|inst104|lpm_compare_component|auto_generated       ; 16    ; 0              ; 0            ; 0              ; 3      ; 0               ; 0             ; 0               ; 0     ; 0              ; 0            ; 0                ; 0                 ;
; inst138|inst104                                            ; 16    ; 0              ; 0            ; 0              ; 3      ; 0               ; 0             ; 0               ; 0     ; 0              ; 0            ; 0                ; 0                 ;
; inst138|inst181                                            ; 7     ; 0              ; 0            ; 0              ; 1      ; 0               ; 0             ; 0               ; 0     ; 0              ; 0            ; 0                ; 0                 ;
; inst138|inst145                                            ; 4     ; 0              ; 0            ; 0              ; 0      ; 0               ; 0             ; 0               ; 3     ; 0              ; 0            ; 0                ; 0                 ;
; inst138|inst153                                            ; 0     ; 0              ; 0            ; 0              ; 3      ; 0               ; 0             ; 0               ; 0     ; 0              ; 0            ; 0                ; 0                 ;
; inst138|inst263|lpm_counter_component|auto_generated       ; 1     ; 0              ; 0            ; 0              ; 8      ; 0               ; 0             ; 0               ; 0     ; 0              ; 0            ; 0                ; 0                 ;
; inst138|inst263                                            ; 1     ; 0              ; 0            ; 0              ; 8      ; 0               ; 0             ; 0               ; 0     ; 0              ; 0            ; 0                ; 0                 ;
; inst138|inst174|lpm_compare_component|auto_generated       ; 16    ; 0              ; 0            ; 0              ; 3      ; 0               ; 0             ; 0               ; 0     ; 0              ; 0            ; 0                ; 0                 ;
; inst138|inst174                                            ; 16    ; 0              ; 0            ; 0              ; 3      ; 0               ; 0             ; 0               ; 0     ; 0              ; 0            ; 0                ; 0                 ;
; inst138|inst262|lpm_counter_component|auto_generated       ; 1     ; 0              ; 0            ; 0              ; 8      ; 0               ; 0             ; 0               ; 0     ; 0              ; 0            ; 0                ; 0                 ;
; inst138|inst262                                            ; 1     ; 0              ; 0            ; 0              ; 8      ; 0               ; 0             ; 0               ; 0     ; 0              ; 0            ; 0                ; 0                 ;
; inst138|inst173|lpm_compare_component|auto_generated       ; 16    ; 0              ; 0            ; 0              ; 3      ; 0               ; 0             ; 0               ; 0     ; 0              ; 0            ; 0                ; 0                 ;
; inst138|inst173                                            ; 16    ; 0              ; 0            ; 0              ; 3      ; 0               ; 0             ; 0               ; 0     ; 0              ; 0            ; 0                ; 0                 ;
; inst138|inst261|lpm_counter_component|auto_generated       ; 1     ; 0              ; 0            ; 0              ; 8      ; 0               ; 0             ; 0               ; 0     ; 0              ; 0            ; 0                ; 0                 ;
; inst138|inst261                                            ; 1     ; 0              ; 0            ; 0              ; 8      ; 0               ; 0             ; 0               ; 0     ; 0              ; 0            ; 0                ; 0                 ;
; inst138|inst171|lpm_compare_component|auto_generated       ; 16    ; 0              ; 0            ; 0              ; 3      ; 0               ; 0             ; 0               ; 0     ; 0              ; 0            ; 0                ; 0                 ;
; inst138|inst171                                            ; 16    ; 0              ; 0            ; 0              ; 3      ; 0               ; 0             ; 0               ; 0     ; 0              ; 0            ; 0                ; 0                 ;
; inst138|inst260|lpm_counter_component|auto_generated       ; 1     ; 0              ; 0            ; 0              ; 8      ; 0               ; 0             ; 0               ; 0     ; 0              ; 0            ; 0                ; 0                 ;
; inst138|inst260                                            ; 1     ; 0              ; 0            ; 0              ; 8      ; 0               ; 0             ; 0               ; 0     ; 0              ; 0            ; 0                ; 0                 ;
; inst138|inst168|lpm_compare_component|auto_generated       ; 16    ; 0              ; 0            ; 0              ; 3      ; 0               ; 0             ; 0               ; 0     ; 0              ; 0            ; 0                ; 0                 ;
; inst138|inst168                                            ; 16    ; 0              ; 0            ; 0              ; 3      ; 0               ; 0             ; 0               ; 0     ; 0              ; 0            ; 0                ; 0                 ;
; inst138|inst259|lpm_counter_component|auto_generated       ; 1     ; 0              ; 0            ; 0              ; 8      ; 0               ; 0             ; 0               ; 0     ; 0              ; 0            ; 0                ; 0                 ;
; inst138|inst259                                            ; 1     ; 0              ; 0            ; 0              ; 8      ; 0               ; 0             ; 0               ; 0     ; 0              ; 0            ; 0                ; 0                 ;
; inst138|inst164|lpm_compare_component|auto_generated       ; 16    ; 0              ; 0            ; 0              ; 3      ; 0               ; 0             ; 0               ; 0     ; 0              ; 0            ; 0                ; 0                 ;
; inst138|inst164                                            ; 16    ; 0              ; 0            ; 0              ; 3      ; 0               ; 0             ; 0               ; 0     ; 0              ; 0            ; 0                ; 0                 ;
; inst138|inst258|lpm_counter_component|auto_generated       ; 1     ; 0              ; 0            ; 0              ; 8      ; 0               ; 0             ; 0               ; 0     ; 0              ; 0            ; 0                ; 0                 ;
; inst138|inst258                                            ; 1     ; 0              ; 0            ; 0              ; 8      ; 0               ; 0             ; 0               ; 0     ; 0              ; 0            ; 0                ; 0                 ;
; inst138|inst160|lpm_compare_component|auto_generated       ; 16    ; 0              ; 0            ; 0              ; 3      ; 0               ; 0             ; 0               ; 0     ; 0              ; 0            ; 0                ; 0                 ;
; inst138|inst160                                            ; 16    ; 0              ; 0            ; 0              ; 3      ; 0               ; 0             ; 0               ; 0     ; 0              ; 0            ; 0                ; 0                 ;
; inst138|inst264|lpm_counter_component|auto_generated       ; 1     ; 0              ; 0            ; 0              ; 8      ; 0               ; 0             ; 0               ; 0     ; 0              ; 0            ; 0                ; 0                 ;
; inst138|inst264                                            ; 1     ; 0              ; 0            ; 0              ; 8      ; 0               ; 0             ; 0               ; 0     ; 0              ; 0            ; 0                ; 0                 ;
; inst138|inst265                                            ; 2     ; 0              ; 0            ; 0              ; 1      ; 0               ; 0             ; 0               ; 0     ; 0              ; 0            ; 0                ; 0                 ;
; inst138|inst27|lpm_decode_component|auto_generated         ; 3     ; 0              ; 0            ; 0              ; 8      ; 0               ; 0             ; 0               ; 0     ; 0              ; 0            ; 0                ; 0                 ;
; inst138|inst27                                             ; 3     ; 0              ; 0            ; 0              ; 8      ; 0               ; 0             ; 0               ; 0     ; 0              ; 0            ; 0                ; 0                 ;
; inst138|inst257|lpm_counter_component|auto_generated       ; 1     ; 0              ; 0            ; 0              ; 8      ; 0               ; 0             ; 0               ; 0     ; 0              ; 0            ; 0                ; 0                 ;
; inst138|inst257                                            ; 1     ; 0              ; 0            ; 0              ; 8      ; 0               ; 0             ; 0               ; 0     ; 0              ; 0            ; 0                ; 0                 ;
; inst138|inst107|lpm_compare_component|auto_generated       ; 16    ; 0              ; 0            ; 0              ; 3      ; 0               ; 0             ; 0               ; 0     ; 0              ; 0            ; 0                ; 0                 ;
; inst138|inst107                                            ; 16    ; 0              ; 0            ; 0              ; 3      ; 0               ; 0             ; 0               ; 0     ; 0              ; 0            ; 0                ; 0                 ;
; inst138|inst182                                            ; 7     ; 0              ; 0            ; 0              ; 1      ; 0               ; 0             ; 0               ; 0     ; 0              ; 0            ; 0                ; 0                 ;
; inst138|inst147                                            ; 4     ; 0              ; 0            ; 0              ; 0      ; 0               ; 0             ; 0               ; 3     ; 0              ; 0            ; 0                ; 0                 ;
; inst138|inst83                                             ; 4     ; 0              ; 0            ; 0              ; 3      ; 0               ; 0             ; 0               ; 0     ; 0              ; 0            ; 0                ; 0                 ;
; inst138|inst34|lpm_decode_component|auto_generated         ; 4     ; 0              ; 0            ; 0              ; 8      ; 0               ; 0             ; 0               ; 0     ; 0              ; 0            ; 0                ; 0                 ;
; inst138|inst34                                             ; 4     ; 0              ; 0            ; 0              ; 8      ; 0               ; 0             ; 0               ; 0     ; 0              ; 0            ; 0                ; 0                 ;
; inst138|inst8|inst                                         ; 8     ; 0              ; 0            ; 0              ; 6      ; 0               ; 0             ; 0               ; 0     ; 0              ; 0            ; 0                ; 0                 ;
; inst138|inst8                                              ; 8     ; 0              ; 0            ; 0              ; 7      ; 0               ; 0             ; 0               ; 0     ; 0              ; 0            ; 0                ; 0                 ;
; inst138|inst16|lpm_compare_component|auto_generated        ; 12    ; 0              ; 0            ; 0              ; 1      ; 0               ; 0             ; 0               ; 0     ; 0              ; 0            ; 0                ; 0                 ;
; inst138|inst16                                             ; 12    ; 0              ; 0            ; 0              ; 1      ; 0               ; 0             ; 0               ; 0     ; 0              ; 0            ; 0                ; 0                 ;
; inst138|inst65|lpm_mux_component|auto_generated            ; 3     ; 0              ; 0            ; 0              ; 1      ; 0               ; 0             ; 0               ; 0     ; 0              ; 0            ; 0                ; 0                 ;
; inst138|inst65                                             ; 3     ; 0              ; 0            ; 0              ; 1      ; 0               ; 0             ; 0               ; 0     ; 0              ; 0            ; 0                ; 0                 ;
; inst138                                                    ; 16    ; 0              ; 0            ; 0              ; 23     ; 0               ; 0             ; 0               ; 0     ; 0              ; 0            ; 0                ; 0                 ;
+------------------------------------------------------------+-------+----------------+--------------+----------------+--------+-----------------+---------------+-----------------+-------+----------------+--------------+------------------+-------------------+
